1	47235.52	174.69	226	1.00	0.77	0.00	0.00	0.00
2	588088.92	7871.60	12157	1.02	0.65	0.01	0.01	0.02
3	1454759.43	44193.34	52360	1.04	0.84	0.03	0.01	0.04
4	2318776.78	107219.48	138113	1.06	0.78	0.05	0.01	0.06
5	3320766.76	206223.14	276793	1.09	0.75	0.07	0.02	0.09
6	4578111.65	343243.44	476581	1.12	0.72	0.08	0.03	0.11
7	5648614.67	506922.34	707394	1.15	0.72	0.10	0.03	0.13
8	6575291.74	704213.22	981682	1.18	0.72	0.12	0.04	0.16
9	7383783.86	902769.16	1260301	1.22	0.72	0.14	0.05	0.18
10	8417431.79	1141896.16	1574228	1.25	0.73	0.16	0.05	0.20
11	9457322.05	1387287.91	1916002	1.27	0.72	0.17	0.05	0.21
12	10437809.58	1610021.35	2262509	1.30	0.71	0.18	0.06	0.23
13	11411874.56	1827408.86	2650617	1.33	0.69	0.19	0.07	0.25
14	12590494.12	2068859.48	3130751	1.36	0.66	0.20	0.08	0.26
15	14094260.56	2329385.83	3778219	1.40	0.62	0.21	0.10	0.28
16	15487449.64	2578414.50	4407830	1.43	0.58	0.21	0.11	0.30
17	16912365.94	2835452.00	5055582	1.46	0.56	0.22	0.12	0.31
18	18958760.98	3118736.77	5832653	1.47	0.53	0.22	0.13	0.32
19	20620029.93	3461005.84	6664851	1.51	0.52	0.22	0.14	0.34
20	22199200.28	3775630.96	7580361	1.55	0.50	0.23	0.16	0.35
21	23976771.84	4148845.96	8359749	1.57	0.50	0.24	0.16	0.36
22	25614946.01	4516146.81	9183543	1.59	0.49	0.25	0.17	0.37
23	27775373.72	4945585.15	10149175	1.61	0.49	0.25	0.17	0.38
24	30479483.23	5444815.08	11326204	1.63	0.48	0.25	0.18	0.39
25	33655393.11	5874436.84	12315584	1.61	0.48	0.25	0.18	0.38
26	36442571.99	6325427.53	13283512	1.61	0.48	0.24	0.18	0.38
27	38726710.05	6844130.60	14256693	1.62	0.48	0.25	0.18	0.38
28	41691297.98	7314520.85	15305998	1.61	0.48	0.25	0.18	0.38
29	44805777.57	7776679.91	16230646	1.60	0.48	0.24	0.17	0.38
30	49077421.72	8219216.35	17296170	1.57	0.48	0.23	0.17	0.36
31	55023987.17	8882950.45	19238689	1.56	0.46	0.22	0.17	0.36
32	63689354.34	9766628.47	21498506	1.53	0.45	0.21	0.17	0.34
33	75059380.50	10835108.13	23814767	1.48	0.45	0.19	0.16	0.32
34	82387783.96	11700086.36	25284923	1.45	0.46	0.19	0.15	0.31
35	88327125.02	12727140.46	26681524	1.45	0.48	0.19	0.15	0.31
36	94889661.31	13886835.47	28466592	1.44	0.49	0.19	0.14	0.31
37	101676021.04	15291519.11	31058370	1.46	0.49	0.20	0.14	0.31
38	108530661.76	16699019.63	32974095	1.46	0.51	0.20	0.14	0.31
39	113555408.86	18051974.51	34517939	1.46	0.52	0.21	0.14	0.32
40	118572238.95	19502813.31	36372367	1.47	0.54	0.21	0.13	0.32
41	124622993.10	21140466.32	38661722	1.48	0.55	0.22	0.13	0.32
42	130132270.08	22507928.13	40560980	1.49	0.55	0.23	0.13	0.33
43	137587309.42	24003193.41	42552277	1.48	0.56	0.23	0.13	0.33
44	148554014.76	25613749.59	44985339	1.47	0.57	0.22	0.12	0.32
45	156138109.74	27411427.63	47293090	1.47	0.58	0.23	0.12	0.32
46	163350582.44	29869110.82	49821279	1.48	0.60	0.24	0.12	0.32
47	169454172.11	32051523.94	52491683	1.50	0.61	0.25	0.11	0.33
48	175687341.93	34474912.88	55263346	1.51	0.62	0.26	0.11	0.34
49	181708562.14	37568031.41	59175820	1.55	0.63	0.27	0.11	0.35
50	188063421.35	40799270.18	64522331	1.60	0.63	0.29	0.12	0.37
